NEXT_PUBLIC_GOOGLE_MAPS=AIzaSyBIuxr29cjKQsD8ud4foL0yyIVBlLdf2OE

 lattitiue = 34.66762543592881, 
  long = 72.0369430852318